  1.1200000e+002
  1.1800000e+002
  1.3200000e+002
  1.2900000e+002
  1.2100000e+002
  1.3500000e+002
  1.4800000e+002
  1.4800000e+002
  1.3600000e+002
  1.1900000e+002
  1.0400000e+002
  1.1800000e+002
  1.1500000e+002
  1.2600000e+002
  1.4100000e+002
  1.3500000e+002
  1.2500000e+002
  1.4900000e+002
  1.7000000e+002
  1.7000000e+002
  1.5800000e+002
  1.3300000e+002
  1.1400000e+002
  1.4000000e+002
  1.4500000e+002
  1.5000000e+002
  1.7800000e+002
  1.6300000e+002
  1.7200000e+002
  1.7800000e+002
  1.9900000e+002
  1.9900000e+002
  1.8400000e+002
  1.6200000e+002
  1.4600000e+002
  1.6600000e+002
  1.7100000e+002
  1.8000000e+002
  1.9300000e+002
  1.8100000e+002
  1.8300000e+002
  2.1800000e+002
  2.3000000e+002
  2.4200000e+002
  2.0900000e+002
  1.9100000e+002
  1.7200000e+002
  1.9400000e+002
  1.9600000e+002
  1.9600000e+002
  2.3600000e+002
  2.3500000e+002
  2.2900000e+002
  2.4300000e+002
  2.6400000e+002
  2.7200000e+002
  2.3700000e+002
  2.1100000e+002
  1.8000000e+002
  2.0100000e+002
  2.0400000e+002
  1.8800000e+002
  2.3500000e+002
  2.2700000e+002
  2.3400000e+002
  2.6400000e+002
  3.0200000e+002
  2.9300000e+002
  2.5900000e+002
  2.2900000e+002
  2.0300000e+002
  2.2900000e+002
  2.4200000e+002
  2.3300000e+002
  2.6700000e+002
  2.6900000e+002
  2.7000000e+002
  3.1500000e+002
  3.6400000e+002
  3.4700000e+002
  3.1200000e+002
  2.7400000e+002
  2.3700000e+002
  2.7800000e+002
  2.8400000e+002
  2.7700000e+002
  3.1700000e+002
  3.1300000e+002
  3.1800000e+002
  3.7400000e+002
  4.1300000e+002
  4.0500000e+002
  3.5500000e+002
  3.0600000e+002
  2.7100000e+002
  3.0600000e+002
  3.1500000e+002
  3.0100000e+002
  3.5600000e+002
  3.4800000e+002
  3.5500000e+002
  4.2200000e+002
  4.6500000e+002
  4.6700000e+002
  4.0400000e+002
  3.4700000e+002
  3.0500000e+002
  3.3600000e+002
  3.4000000e+002
  3.1800000e+002
  3.6200000e+002
  3.4800000e+002
  3.6300000e+002
  4.3500000e+002
  4.9100000e+002
  5.0500000e+002
  4.0400000e+002
  3.5900000e+002
  3.1000000e+002
  3.3700000e+002
  3.6000000e+002
  3.4200000e+002
  4.0600000e+002
  3.9600000e+002
  4.2000000e+002
  4.7200000e+002
  5.4800000e+002
  5.5900000e+002
  4.6300000e+002
  4.0700000e+002
  3.6200000e+002
  4.0500000e+002
  4.1700000e+002
  3.9100000e+002
  4.1900000e+002
  4.6100000e+002
  4.7200000e+002
  5.3500000e+002
  6.2200000e+002
  6.0600000e+002
  5.0800000e+002
  4.6100000e+002
  3.9000000e+002
  4.3200000e+002
