 23
 41
 72
 64
 58
 62
 48
 48
 81
 90
 83
 63
 78
 73
 79
 40
 43
 50
 83
 49
 49
 32
 42
 54
 51
 42
 25
 43
 37
 32
 31
 47
 33
 30
 31
 24
 26
 27
 37
 47
 41
 39
 37
 45
 56
 43
 56
 46
 56
 55
 70
 44
 55
 46
 50
 92
107
113
114
130
128
110
 89
100
 89
 74
 93
 64
 78
 65
 78
 69
 48
 63
 50
 53
 47
 48
 57
 43
 52
 54
 37
 48
 43
 47
 33
 37
 43
 44
 39
 49
 35
 47
 48
 55
 42
 68
 63
 67
 67
 49
 76
 52
 68
 32
 51
 55
 69
 58
 45
 53
 80
 71
 83
 85
 69
101
 73
 81
 89
 93
 73
 62
 55
 50
 57
 82
 47
 36
 50
 46
 39
 36
 40
 42
 42
 36
 35
 44
 30
 41
 33
 36
 33
 43
 49
 42
 51
 59
 57
 51
 42
 51
 55
 46
 52
 33
 57
 60
 65
 57
 76
 54
 60
 56
 80
 61
 92
 64
102
 44
 79
 77
 55
 76
 59
 48
 94
 73
 61
 51
 52
 41
 26
 50
 24
 42
 30
 55
 29
 32
 32
 33
 33
 29
 35
 41
 34
 42
 46
 47
 54
 53
 50
 41
 39
 21
 42
 33
 45
 44
 52
 58
 56
 79
 81
 91
 78
 62
 97
 73
 88
 77
 82
 30
 68
 55
 54
 53
 45
 64
 35
 53
 55
 56
 53
 51
 34
 50
 26
 26
 26
 32
 32
 35
 30
 36
 49
 14
 42
 47
 38
 33
 54
 37
 49
 62
 44
 45
 32
 22
 37
 37
 59
 69
 59
 59
 96
 66
 92
 77
 55
 54
 56
 44
 53
 60
 59
 65
 50
 40
 45
 36
 34
 48
 36
 24
 40
 36
 44
 41
 17
 21
 34
 17
 48
 24
 22
 32
 32
 34
 48
 30
 52
 34
 42
 47
 38
 75
 40
 51
 30
 31
 58
 39
 68
 84
 61
 48
 55
 89
 88
 67
 69
 69
 58
 75
 38
 53
 54
 63
 58
 37
 49
 44
 49
 26
 54
 30
 42
 33
 43
 43
 30
 19
 23
 33
 26
 27
 31
 37
 27
 22
 43
 31
 51
 34
 36
 38
 31
 66
 41
 63
 39
 58
 45
 48
 62
 71
 91
 55
 85
 76
 87
115
 77
 71
 64
 64
 43
 65
 43
 46
104
 29
109
 48
 48
 53
 76
 37
 35
 49
 46
 51
 32
 38
 25
 47
 29
 37
 22
 33
 27
 26
 43
 46
 51
 51
 55
 57
 40
 38
 45
 55
 49
 52
 36
 34
 53
 93
 58
 48
 56
 76
 98
 70
 90
 73
 60
 66
 76
 68
 64
 77
 64
 60
 37
 32
 43
 44
 52
 36
 37
 39
 33
 39
 31
 39
 35
 29
 24
 24
 30
 17
 37
 27
 35
 28
 33
 57
 34
 52
 21
 31
 47
 36
 39
 37
 25
 26
 49
 45
 55
 70
 95
 86
 75
 72
 97
 70
 76
 84
 31
 73
 61
 50
 71
 40
 65
 33
 42
 55
 38
 33
 44
 40
 43
 35
 33
 38
 16
 43
 23
 20
 31
 24
 32
 30
 35
 34
 35
 70
 31
 42
 39
 46
 45
 46
 29
 39
